time (s)	theta (A)	maj axis/z0	min axis/z0	crossing#mod 255
8319.712689	279.627838	1.386492	0.127793	153
8321.799914	280.051147	1.383765	0.126640	155
8323.889713	279.847900	1.381345	0.123973	157
8325.979203	279.360260	1.383722	0.124020	159
8328.066766	280.057251	1.384341	0.124040	161
8330.154469	280.444946	1.383233	0.121903	163
8332.243526	280.545197	1.381259	0.120260	165
8334.333026	280.236206	1.378893	0.119237	167
8336.421979	279.991089	1.376594	0.117882	169
8338.510158	280.074860	1.375573	0.116324	171
8340.598487	280.296265	1.373603	0.115212	173
8342.686388	280.317657	1.371289	0.113744	175
8344.775606	280.499268	1.369145	0.112824	177
8346.863729	280.609650	1.366998	0.111432	179
8348.952685	280.507568	1.365309	0.110076	181
8351.039925	280.536774	1.364354	0.109062	183
8353.128810	280.739288	1.361008	0.107488	185
8355.215743	280.801361	1.359875	0.106203	187
8357.304191	280.731720	1.355910	0.105893	189
8359.394107	280.888031	1.355681	0.105017	191
8361.483106	280.870941	1.359289	0.103016	193
8363.571032	280.846313	1.357725	0.101787	195
8365.658189	280.886383	1.352707	0.100137	197
8367.746021	280.878052	1.348601	0.099496	199
8369.836110	281.001007	1.344699	0.098815	201
8371.924744	281.080994	1.347638	0.096893	203
8374.013396	280.929169	1.347896	0.095639	205
8376.101561	281.004547	1.344279	0.094512	207
8378.189866	281.171906	1.344036	0.093782	209
8380.276985	281.176666	1.340643	0.092479	211
8382.365506	281.339020	1.336452	0.090833	213
8384.454085	281.403198	1.333562	0.089784	215
8386.542517	281.385071	1.331738	0.088332	217
8388.631454	281.313293	1.328760	0.087124	219
8390.719985	281.180206	1.325728	0.085672	221
8392.809046	281.052856	1.323802	0.084333	223
8394.897393	281.178101	1.323254	0.082998	225
8396.984893	281.470551	1.322611	0.082220	227
8399.072234	281.636078	1.320654	0.081048	229
8401.160272	281.783325	1.319535	0.079588	231
8403.249903	281.698914	1.315427	0.078025	233
8405.339004	281.361542	1.318170	0.077410	235
8407.427462	281.264099	1.319943	0.076426	237
8409.515846	281.538788	1.319057	0.075391	239
8411.602840	281.777008	1.316707	0.074497	241
8413.690642	281.796692	1.314029	0.073253	243
8415.778951	281.854248	1.312606	0.071770	245
8417.868113	281.971527	1.311210	0.070605	247
8419.956133	282.008606	1.309916	0.069520	249
8422.044609	281.976379	1.309829	0.068291	251
8424.132298	281.992340	1.310726	0.067270	253
8426.221140	281.991608	1.308503	0.065866	255
8428.309584	281.936707	1.307631	0.064740	1
8430.397625	281.894043	1.307151	0.064349	3
8432.486458	281.898590	1.306178	0.063479	5
8434.575315	281.962799	1.302160	0.061774	7
8436.664341	281.939453	1.301541	0.061117	9
8438.753066	281.959229	1.301775	0.059611	11
8440.841804	281.883575	1.299471	0.058326	13
8442.928574	281.987244	1.295015	0.057165	15
8445.016476	281.974152	1.292625	0.055956	17
8447.103903	281.966553	1.289687	0.054977	19
8449.192469	281.909882	1.286504	0.053915	21
8451.282137	282.027069	1.284534	0.052923	23
8453.370798	282.100128	1.283513	0.051735	25
8455.459311	282.087769	1.286404	0.050541	27
8457.548473	281.995636	1.285267	0.049774	29
8459.636528	281.983215	1.287723	0.048548	31
8461.724769	281.935944	1.286747	0.047801	33
8463.812965	281.892181	1.284060	0.046558	35
8465.901579	281.934723	1.280285	0.045406	37
8467.989734	281.958282	1.280728	0.044063	39
8470.077452	282.040649	1.277249	0.042783	41
8472.164284	282.118286	1.276175	0.041590	43
8474.252779	282.121368	1.273613	0.039867	45
8476.340234	282.132904	1.270738	0.038887	47
8478.429235	282.218384	1.270520	0.037398	49
8480.517991	282.180328	1.266656	0.036382	51
8482.606761	282.026520	1.265421	0.035349	53
8484.696097	281.899719	1.264393	0.034767	55
8486.784053	281.948822	1.264569	0.032759	57
8488.872442	282.040222	1.263030	0.032225	59
8490.959759	282.122101	1.258309	0.030900	61
8493.047830	282.152527	1.257447	0.029944	63
8495.135760	282.136810	1.255387	0.028786	65
8497.224292	282.062714	1.253185	0.027540	67
8499.311494	282.032532	1.252938	0.026250	69
8501.400423	282.044556	1.251000	0.025778	71
8503.488570	282.064728	1.250860	0.024816	73
8505.576939	282.044220	1.247149	0.023573	75
8507.666050	282.171875	1.245518	0.022581	77
8509.753976	282.144714	1.245406	0.021532	79
8511.843231	282.118774	1.244751	0.020227	81
8513.932471	282.006317	1.243748	0.019267	83
8516.020030	281.938629	1.242945	0.018077	85
8518.107733	281.976624	1.239964	0.017054	87
8520.195395	281.991425	1.235794	0.015975	89
8522.282599	281.877197	1.232848	0.015282	91
8524.371405	281.897186	1.230740	0.013750	93
8526.459040	281.732971	1.229810	0.013683	95
8528.547652	281.788727	1.230312	0.011854	97
8530.635822	281.819366	1.228680	0.010440	99
8532.724406	281.855225	1.228313	0.010098	101
8534.813292	281.905151	1.227242	0.007869	103
8536.901693	281.845703	1.226675	0.007441	105
8538.990281	281.745758	1.225128	0.005796	107
8541.077826	281.786896	1.221794	0.005260	109
8543.165994	281.769958	1.219616	0.004086	111
8545.254314	281.753357	1.219427	0.002893	113
8547.342241	281.720490	1.217884	0.002009	115
8549.429793	281.665588	1.217447	0.000802	117
8551.518062	281.703186	1.215625	-0.000333	119
8553.606278	281.713531	1.212517	-0.001428	121
8555.695296	281.745483	1.209770	-0.002702	123
8557.784297	281.676300	1.209669	-0.003454	125
8559.872198	281.533386	1.208646	-0.004382	127
8561.961501	281.461823	1.209409	-0.005106	129
8564.049686	281.468719	1.210932	-0.006139	131
8566.137843	281.494568	1.210708	-0.006861	133
8568.226138	281.528503	1.207236	-0.008020	135
8570.314195	281.562958	1.203914	-0.008904	137
8572.402177	281.505157	1.200039	-0.010225	139
8574.489711	281.508514	1.198387	-0.011032	141
8576.578247	281.481171	1.198136	-0.011928	143
8578.666527	281.439209	1.197824	-0.012943	145
8580.754961	281.445587	1.196794	-0.013772	147
8582.843120	281.421173	1.197017	-0.014776	149
8584.932165	281.401245	1.195078	-0.015690	151
8587.020656	281.381317	1.194184	-0.016329	153
8589.108571	281.270020	1.191551	-0.017747	155
8591.196791	281.192657	1.188630	-0.018693	157
8593.284486	281.188141	1.186923	-0.019623	159
8595.372061	281.117340	1.185029	-0.020435	161
8597.460268	281.110443	1.184400	-0.021580	163
8599.547981	281.015198	1.183181	-0.022914	165
8601.635049	280.882904	1.181368	-0.023528	167
8603.723284	280.799225	1.180114	-0.024472	169
8605.811540	280.786957	1.179080	-0.025397	171
8607.900214	280.728760	1.177525	-0.026084	173
8609.988759	280.742340	1.176177	-0.027225	175
8612.077335	280.715027	1.176198	-0.028184	177
8614.165087	280.710999	1.175310	-0.029020	179
8616.253143	280.646729	1.172439	-0.030012	181
8618.341481	280.583313	1.170467	-0.030601	183
8620.429546	280.588135	1.169118	-0.031545	185
8622.517279	280.520752	1.168850	-0.032492	187
8624.605364	280.474823	1.168217	-0.033182	189
8626.692938	280.535583	1.165901	-0.033934	191
8628.782362	280.541565	1.163926	-0.035111	193
8630.870741	280.520752	1.163322	-0.036180	195
8632.958557	280.434082	1.162222	-0.037088	197
8635.047774	280.361542	1.159963	-0.037816	199
8637.137207	280.266937	1.158796	-0.038528	201
8639.225313	280.202148	1.158550	-0.039132	203
8641.313289	280.197021	1.159914	-0.040238	205
8643.401558	280.144989	1.158265	-0.041272	207
8645.489798	280.205627	1.155425	-0.042158	209
8647.577450	280.185242	1.152633	-0.042807	211
8649.665748	280.135681	1.150741	-0.043719	213
8651.753556	280.133728	1.148742	-0.044575	215
8653.841720	280.163269	1.148611	-0.045297	217
8655.930762	279.935791	1.147367	-0.045569	219
8658.018183	279.984924	1.146422	-0.047139	221
8660.106694	279.949005	1.144151	-0.047819	223
8662.195254	279.885162	1.141874	-0.048393	225
