time (s)	theta (A)	maj axis/z0	min axis/z0	crossing#mod 255
7467.413928	251.349808	1.378818	-0.227960	151
7469.502165	250.666473	1.377837	-0.226566	153
7471.590824	250.758499	1.369874	-0.224756	155
7473.680617	250.915619	1.368397	-0.224700	157
7475.770097	250.610611	1.367283	-0.223596	159
7477.857160	250.179733	1.366465	-0.223742	161
7479.945756	249.709625	1.364718	-0.222721	163
7482.034166	249.710495	1.362243	-0.221469	165
7484.122727	249.724670	1.359797	-0.221004	167
7486.211626	249.659897	1.356843	-0.220736	169
7488.300683	249.398422	1.355758	-0.220007	171
7490.389477	249.212494	1.356048	-0.219458	173
7492.477154	248.931122	1.356323	-0.219381	175
7494.565224	248.843018	1.355117	-0.219142	177
7496.654630	248.721710	1.352518	-0.218383	179
7498.744244	248.770889	1.349217	-0.217645	181
7500.832981	248.724182	1.349353	-0.216894	183
7502.922792	248.589386	1.352841	-0.215427	185
7505.009020	248.335815	1.350389	-0.215332	187
7507.096826	248.020905	1.346200	-0.214699	189
7509.187393	248.025574	1.346338	-0.215142	191
7511.276653	248.015411	1.347942	-0.213492	193
7513.364569	247.851349	1.345997	-0.212137	195
7515.452778	247.472275	1.345803	-0.212116	197
7517.539937	247.301941	1.342911	-0.211323	199
7519.629313	247.146896	1.340197	-0.210736	201
7521.718668	247.177734	1.338642	-0.210027	203
7523.807876	247.169495	1.337892	-0.209741	205
7525.896035	247.018326	1.336310	-0.208933	207
7527.985276	246.771988	1.336611	-0.208562	209
7530.073878	246.601257	1.335304	-0.207432	211
7532.161887	246.509781	1.335085	-0.207169	213
7534.249704	246.252823	1.332165	-0.205285	215
7536.338019	245.957108	1.330709	-0.204389	217
7538.426972	245.686676	1.329418	-0.203252	219
7540.515978	245.765610	1.326636	-0.202280	221
7542.605602	245.901840	1.328434	-0.201714	223
7544.694147	245.876266	1.327129	-0.200974	225
7546.782754	245.539429	1.324717	-0.200670	227
7548.870089	245.026627	1.323713	-0.199586	229
7550.958416	244.681229	1.320456	-0.198029	231
7553.048106	244.677658	1.313701	-0.196112	233
7555.137343	244.908783	1.312461	-0.194798	235
7557.225532	244.989914	1.313312	-0.193935	237
7559.314760	244.787598	1.314237	-0.193589	239
7561.402986	244.572449	1.311017	-0.192672	241
7563.491768	244.279968	1.307243	-0.191555	243
7565.580019	244.200867	1.305594	-0.190547	245
7567.668028	244.118179	1.302206	-0.189670	247
7569.757031	243.957184	1.302063	-0.189055	249
7571.846630	243.924332	1.301575	-0.188243	251
7573.934638	243.756348	1.302681	-0.187572	253
7576.023371	243.669403	1.305829	-0.186766	255
7578.112117	243.538544	1.304544	-0.185441	1
7580.199400	243.284348	1.302161	-0.185033	3
7582.287230	242.972809	1.301782	-0.184725	5
7584.375387	242.884720	1.300654	-0.183389	7
7586.464614	242.922043	1.296601	-0.182800	9
7588.554266	242.721298	1.296278	-0.182714	11
7590.643076	242.697845	1.295526	-0.180366	13
7592.731909	242.628372	1.298229	-0.179258	15
7594.820268	242.573990	1.293543	-0.177692	17
7596.907195	242.277435	1.289669	-0.176981	19
7598.995155	241.999756	1.288401	-0.176165	21
7601.084062	241.741043	1.286657	-0.175325	23
7603.172124	241.653641	1.286543	-0.174489	25
7605.260914	241.536758	1.285330	-0.173441	27
7607.349592	241.428986	1.282902	-0.172020	29
7609.438291	241.357742	1.277571	-0.170554	31
7611.526945	241.227890	1.275824	-0.169442	33
7613.615588	241.183655	1.274253	-0.168239	35
7615.705082	241.258820	1.274538	-0.167693	37
7617.793613	241.372513	1.273876	-0.166685	39
7619.882641	241.409668	1.276392	-0.166143	41
7621.971320	241.187225	1.274590	-0.165032	43
7624.059541	240.904373	1.275564	-0.164887	45
7626.147548	240.724503	1.274322	-0.163830	47
7628.234800	240.347626	1.272456	-0.162433	49
7630.323567	240.119324	1.269776	-0.160952	51
7632.411783	240.025665	1.265826	-0.159821	53
7634.500709	240.110611	1.264963	-0.158630	55
7636.590061	240.202530	1.266054	-0.157878	57
7638.679187	240.204163	1.264446	-0.156487	59
7640.767585	240.077255	1.262125	-0.155137	61
7642.856176	240.025787	1.260525	-0.153838	63
7644.945290	239.980316	1.259031	-0.152826	65
7647.033232	239.831772	1.258851	-0.152203	67
7649.121317	239.731003	1.258575	-0.151426	69
7651.209598	239.498322	1.256430	-0.150339	71
7653.298014	239.343109	1.253009	-0.149074	73
7655.385660	239.151611	1.248796	-0.147247	75
7657.474190	239.039780	1.245511	-0.146550	77
7659.562085	238.912659	1.246192	-0.145377	79
7661.651377	238.981155	1.246149	-0.144859	81
7663.740326	238.892349	1.243827	-0.144081	83
7665.828964	238.886063	1.242747	-0.143028	85
7667.917863	238.821167	1.243978	-0.141863	87
7670.006765	238.697968	1.244740	-0.140425	89
7672.095668	238.699432	1.245569	-0.139700	91
7674.183057	238.572678	1.244176	-0.138749	93
7676.271146	238.495010	1.242752	-0.137960	95
7678.359904	238.314453	1.242026	-0.136650	97
7680.447624	238.272430	1.240995	-0.135980	99
7682.535684	238.143509	1.238657	-0.134521	101
7684.624384	237.997131	1.239751	-0.134107	103
7686.713038	238.021973	1.237352	-0.132508	105
7688.801784	237.992157	1.235771	-0.131083	107
7690.890212	237.968582	1.236224	-0.130489	109
7692.980196	237.948074	1.236183	-0.129032	111
7695.068453	237.949448	1.233776	-0.127658	113
7697.157209	237.765778	1.233306	-0.127243	115
7699.244964	237.651230	1.230859	-0.125866	117
7701.333337	237.491577	1.226917	-0.124753	119
7703.420774	237.275955	1.224052	-0.123427	121
7705.508238	237.046829	1.223944	-0.122318	123
7707.596661	236.874420	1.223224	-0.120541	125
7709.685360	236.635269	1.221511	-0.119876	127
7711.772900	236.621887	1.216555	-0.118703	129
7713.861730	236.700653	1.215450	-0.116586	131
7715.950886	236.706558	1.213950	-0.116013	133
7718.039441	236.735962	1.211701	-0.114221	135
7720.128261	236.705566	1.209005	-0.112866	137
7722.216185	236.629654	1.208601	-0.112254	139
7724.304704	236.512360	1.208085	-0.111178	141
7726.392451	236.374649	1.207761	-0.110094	143
7728.481448	236.309479	1.204348	-0.108774	145
7730.569015	236.158661	1.201825	-0.107432	147
7732.657302	236.081390	1.200341	-0.106082	149
7734.745560	236.101959	1.200124	-0.105023	151
7736.833889	236.167648	1.200397	-0.104135	153
7738.923090	236.161407	1.198765	-0.103231	155
7741.011856	236.116608	1.198100	-0.102349	157
7743.101051	236.013809	1.198119	-0.101315	159
7745.189739	235.937775	1.196207	-0.099475	161
7747.278396	235.868607	1.195876	-0.098266	163
7749.366590	235.895172	1.195462	-0.097240	165
7751.455095	235.915466	1.195875	-0.095916	167
7753.542828	235.818420	1.195338	-0.094807	169
7755.631370	235.752441	1.193741	-0.093694	171
7757.718904	235.650436	1.191280	-0.092649	173
7759.808189	235.651443	1.190593	-0.091303	175
7761.896442	235.610214	1.189703	-0.089847	177
7763.984765	235.514389	1.188065	-0.088611	179
7766.073552	235.523392	1.185893	-0.087252	181
7768.161816	235.463364	1.184963	-0.086125	183
7770.250781	235.373672	1.185285	-0.085392	185
7772.338245	235.334518	1.184146	-0.084293	187
7774.426383	235.231201	1.183330	-0.083197	189
7776.514458	235.146820	1.180625	-0.082031	191
7778.602244	235.095581	1.177393	-0.080646	193
