time (s)	theta (A)	maj axis/z0	min axis/z0	crossing#mod 255
5014.051922	268.404480	1.521492	0.109656	167
5016.141475	268.498169	1.520978	0.108379	169
5018.229356	268.439270	1.518472	0.107077	171
5020.317761	268.474365	1.514909	0.105657	173
5022.405969	268.601715	1.511052	0.104446	175
5024.495488	268.642120	1.511631	0.103297	177
5026.583885	268.745361	1.512994	0.102442	179
5028.672136	268.785431	1.513626	0.102153	181
5030.759944	268.773071	1.510170	0.101162	183
5032.849953	268.907776	1.507134	0.099715	185
5034.938396	268.924072	1.504895	0.098610	187
5037.027536	268.883972	1.505143	0.097991	189
5039.115872	268.852875	1.504317	0.096595	191
5041.204424	268.941559	1.500098	0.095478	193
5043.293426	269.043091	1.498234	0.094335	195
5045.382660	269.078644	1.498190	0.093973	197
5047.471576	269.076508	1.496485	0.092953	199
5049.559855	269.144104	1.492756	0.091856	201
5051.648594	269.159454	1.493056	0.090655	203
5053.737758	269.174744	1.490845	0.090278	205
5055.826898	269.225098	1.489537	0.089024	207
5057.915468	269.233521	1.488833	0.088057	209
5060.004680	269.162903	1.486906	0.086857	211
5062.092829	269.220001	1.484685	0.085995	213
5064.181578	269.229950	1.483282	0.085081	215
5066.270731	269.360840	1.478313	0.083810	217
5068.359628	269.403137	1.481026	0.082885	219
5070.447705	269.367615	1.478800	0.081856	221
5072.536827	269.367828	1.480781	0.081132	223
5074.625130	269.453796	1.478741	0.080163	225
5076.713972	269.578461	1.478606	0.078954	227
5078.802364	249.853622	0.591607	0.143554	229
5079.865361	172.848862	0.194367	0.500000	231
5081.954098	87.098755	1.466245	0.076805	233
5084.043134	87.146111	1.462193	0.075693	235
5086.132092	87.129013	1.460180	0.074693	237
5088.221308	87.127686	1.459216	0.073708	239
5090.309426	87.170090	1.458654	0.072641	241
5092.398500	87.231041	1.454682	0.071512	243
5094.487922	87.207146	1.452749	0.070476	245
5096.575320	87.326729	1.453340	0.069103	247
5098.664200	87.327454	1.450481	0.068271	249
5100.753728	87.362907	1.451899	0.067631	251
5102.842067	87.341957	1.450526	0.066924	253
5104.930499	87.413712	1.450283	0.065679	255
5107.019362	87.494324	1.448172	0.064586	1
5109.107673	87.537941	1.441716	0.063497	3
5111.196895	87.570534	1.438762	0.062159	5
5113.285491	87.664253	1.440759	0.061277	7
5115.373813	87.699425	1.438507	0.060267	9
5117.462541	87.810524	1.439016	0.059564	11
5119.550887	87.801720	1.437264	0.058729	13
5121.639108	87.972282	1.432720	0.057431	15
5123.727965	88.046906	1.431900	0.056274	17
5125.816514	88.142204	1.429277	0.055456	19
5127.904403	88.221565	1.427720	0.054189	21
5129.993174	88.254448	1.425884	0.053523	23
5132.081537	88.328400	1.426286	0.052425	25
5134.170489	88.404045	1.425072	0.051215	27
5136.258706	88.466553	1.420843	0.050164	29
5138.346986	88.505760	1.419390	0.049244	31
5140.435584	88.534492	1.416989	0.048562	33
5142.524471	88.572067	1.415854	0.047502	35
5144.612882	88.617981	1.411883	0.046161	37
5146.701179	88.673515	1.411324	0.045356	39
5148.789735	88.711296	1.409809	0.044301	41
5150.878578	88.693237	1.409645	0.043303	43
5152.966858	88.784096	1.407490	0.042234	45
5155.055435	88.835236	1.406622	0.041306	47
5157.144508	88.808868	1.407025	0.040637	49
5159.232701	88.853806	1.405521	0.039626	51
5161.321553	88.875946	1.405102	0.038669	53
5163.410393	88.910866	1.402065	0.037792	55
5165.499128	88.938103	1.402453	0.036696	57
5167.587663	89.001823	1.400858	0.035844	59
5169.676663	88.998970	1.397984	0.035111	61
5171.764857	88.994301	1.394348	0.034462	63
5173.853551	89.013908	1.389285	0.033332	65
5175.942499	89.003998	1.390412	0.032584	67
5178.031066	88.968834	1.388933	0.031608	69
5180.119417	89.015770	1.388557	0.030821	71
5182.208302	89.044563	1.389176	0.030104	73
5184.296363	89.093300	1.386845	0.028803	75
5186.385429	89.103683	1.385723	0.028057	77
5188.473749	89.149490	1.382558	0.027034	79
5190.562141	89.164177	1.380816	0.026216	81
5192.651022	89.168854	1.379929	0.025138	83
5194.738554	89.222137	1.377823	0.023863	85
5196.827812	89.261269	1.378945	0.022893	87
5198.916212	89.287628	1.377470	0.022081	89
5201.004124	89.352158	1.372776	0.020944	91
5203.093106	89.420410	1.373074	0.019961	93
5205.181390	89.452583	1.372113	0.019108	95
5207.270314	89.481781	1.367038	0.017950	97
5209.358726	89.493286	1.365715	0.017340	99
5211.446682	89.528870	1.365477	0.016375	101
5213.534511	89.552101	1.364506	0.015414	103
5215.623295	89.615906	1.363186	0.014471	105
5217.712204	89.613251	1.359872	0.013679	107
5219.800477	89.640625	1.355962	0.012928	109
5221.888503	89.643112	1.353847	0.012088	111
5223.977075	89.648537	1.353939	0.011426	113
5226.065555	89.655212	1.352104	0.010270	115
5228.154419	89.647453	1.347862	0.009204	117
5230.243721	89.657654	1.348179	0.008561	119
5232.331702	89.662125	1.347594	0.007571	121
5234.419635	89.664566	1.349244	0.006833	123
5236.508579	89.728615	1.342546	0.005901	125
5238.597471	89.740837	1.341982	0.005098	127
5240.686403	89.703178	1.341888	0.004600	129
5242.774921	89.707962	1.341423	0.003857	131
5244.862894	89.731041	1.339224	0.003012	133
5246.951655	89.757294	1.336732	0.002404	135
5249.039846	89.719872	1.336765	0.001439	137
5251.128737	89.734886	1.333800	0.000484	139
5253.216648	89.754097	1.331047	-0.000291	141
5255.305699	89.713150	1.331824	-0.001242	143
5257.394404	89.689926	1.330688	-0.002051	145
5259.482139	89.691399	1.331018	-0.003091	147
5261.570900	89.737724	1.329676	-0.004054	149
5263.658873	89.720757	1.327312	-0.004561	151
5265.747772	89.706314	1.324137	-0.005503	153
5267.836425	89.681282	1.322960	-0.006273	155
5269.924651	89.709915	1.322172	-0.007132	157
5272.013450	89.736649	1.318730	-0.007776	159
5274.102665	89.745743	1.315584	-0.008596	161
5276.190625	89.752502	1.314542	-0.009201	163
5278.279082	89.796066	1.311514	-0.010388	165
5280.367164	89.801582	1.311863	-0.010642	167
5282.455417	89.794861	1.310945	-0.011680	169
5284.543183	89.808586	1.309883	-0.012321	171
5286.631751	89.773697	1.307499	-0.013263	173
5288.719449	89.778458	1.307397	-0.013859	175
5290.808124	89.829163	1.306528	-0.014889	177
5292.896362	89.775955	1.302927	-0.015584	179
5294.984633	89.755043	1.300815	-0.016402	181
5297.073368	89.736351	1.302456	-0.017229	183
5299.161466	89.763008	1.302421	-0.018195	185
5301.249802	89.740387	1.301858	-0.018913	187
5303.337711	89.730209	1.299364	-0.019649	189
5305.426960	89.752052	1.295612	-0.020348	191
5307.515229	89.711220	1.290981	-0.021043	193
5309.603445	89.713402	1.290705	-0.021699	195
5311.692252	89.706093	1.291660	-0.022474	197
5313.780567	89.712830	1.289408	-0.023112	199
5315.869060	89.670776	1.288448	-0.023835	201
5317.958263	89.658783	1.285351	-0.024714	203
5320.046139	89.671761	1.284590	-0.025327	205
5322.135278	89.622253	1.282528	-0.026163	207
5324.223156	89.636894	1.281545	-0.026628	209
5326.311664	89.796646	1.282949	-0.029165	211
5328.400789	89.572922	1.281485	-0.028052	213
5330.489098	89.558968	1.277395	-0.028634	215
5332.577619	89.545128	1.278062	-0.029555	217
5334.666622	89.531120	1.275393	-0.030407	219
